--------- REM LOS --------
09 20 64 00 06 28 2D 00 00 10 09 check FEFE
08 21 64 00 00 4C 00 00 00 00 check FF26
07 20 65 00 04 28 2D 00 00 check FF1A
07 20 65 00 04 28 2D 00 00 check FF1A
07 20 65 00 04 28 2D 00 00 check FF1A
07 20 65 00 04 28 2D 00 00 check FF1A
09 20 64 00 06 28 2D 00 00 10 09 check FEFE
08 21 64 00 00 4C 00 00 00 00 check FF26
07 20 65 00 04 28 2D 00 00 check FF1A
07 20 65 00 04 28 2D 00 00 check FF1A
07 20 65 00 04 28 2D 00 00 check FF1A
07 20 65 00 04 28 2D 00 00 check FF1A
09 20 64 00 06 28 2D 00 00 10 09 check FEFE
08 21 64 00 00 4C 00 00 00 00 check FF26
07 20 65 00 04 28 2D 00 00 check FF1A
07 20 65 00 04 28 2D 00 00 check FF1A
07 20 65 00 04 28 2D 00 00 check FF1A
07 20 65 00 04 28 2D 00 00 check FF1A
09 20 64 00 06 28 2D 00 00 10 09 check FEFE
08 21 64 00 00 4C 00 00 00 00 check FF26
07 20 65 00 04 28 2D 00 00 check FF1A
07 20 65 00 04 28 2D 00 00 check FF1A
07 20 65 00 04 28 2D 00 00 check FF1A
07 20 65 00 04 28 2D 00 00 check FF1A
09 20 64 00 06 28 2D 00 00 10 09 check FEFE
08 21 64 00 00 4C 00 00 00 00 check FF26
07 20 65 00 04 28 2D 00 00 check FF1A
07 20 65 00 04 28 2D 00 00 check FF1A
07 20 65 00 04 28 2D 00 00 check FF1A
07 20 65 00 04 28 2D 00 00 check FF1A
09 20 64 00 06 28 2D 00 00 10 09 check FEFE
08 21 64 00 00 4C 00 00 00 00 check FF26
07 20 65 00 04 28 2D 00 00 check FF1A
07 20 65 00 04 28 2D 00 00 check FF1A
07 20 65 00 04 28 2D 00 00 check FF1A
07 20 65 00 04 28 2D 00 00 check FF1A
09 20 64 00 06 28 2D 00 00 10 09 check FEFE
08 21 64 00 00 4C 00 00 00 00 check FF26
07 20 65 00 04 28 2D 00 00 check FF1A
07 20 65 00 04 28 2D 00 00 check FF1A
07 20 65 00 04 28 2D 00 00 check FF1A
07 20 65 00 04 28 2D 00 00 check FF1A
09 20 64 00 06 28 2D 00 00 10 09 check FEFE
--------- REM VAST ----------


07 20 65 00 04 28 81 00 00 check FEC6
07 20 65 00 04 28 81 00 00 check FEC6
07 20 65 00 04 28 80 00 00 check FEC7
07 20 65 00 04 28 80 00 00 check FEC7
09 20 64 00 06 28 80 00 00 10 09 check FEAB
08 21 64 00 00 4C 00 00 00 00 check FF26
07 20 65 00 04 28 81 00 00 check FEC6
07 20 65 00 04 28 81 00 00 check FEC6
07 20 65 00 04 28 81 00 00 check FEC6
07 20 65 00 04 28 81 00 00 check FEC6
09 20 64 00 06 28 83 00 00 10 09 check FEA8
08 21 64 00 00 4C 00 00 00 00 check FF26
07 20 65 00 04 28 83 00 00 check FEC4
07 20 65 00 04 28 83 00 00 check FEC4
07 20 65 00 04 28 83 00 00 check FEC4
07 20 65 00 04 28 83 00 00 check FEC4
09 20 64 00 06 28 83 00 00 10 09 check FEA8
08 21 64 00 00 4C 00 00 00 00 check FF26
07 20 65 00 04 28 83 00 00 check FEC4
07 20 65 00 04 28 83 00 00 check FEC4
07 20 65 00 04 28 83 00 00 check FEC4
07 20 65 00 04 28 84 00 00 check FEC3
09 20 64 00 06 28 85 00 00 10 09 check FEA6
08 21 64 00 00 4C 00 00 00 00 check FF26
07 20 65 00 04 28 84 00 00 check FEC3
07 20 65 00 04 28 85 00 00 check FEC2
07 20 65 00 04 28 87 00 00 check FEC0
07 20 65 00 04 28 87 00 00 check FEC0
09 20 64 00 06 28 87 00 00 10 09 check FEA4
08 21 64 00 00 4C 00 00 00 00 check FF26
07 20 65 00 04 28 88 00 00 check FEBF
07 20 65 00 04 28 88 00 00 check FEBF
07 20 65 00 04 28 89 00 00 check FEBE
07 20 65 00 04 28 89 00 00 check FEBE
09 20 64 00 06 28 89 00 00 10 09 check FEA2
08 21 64 00 00 4C 00 00 00 00 check FF26
07 20 65 00 04 28 89 00 00 check FEBE
07 20 65 00 04 28 8A 00 00 check FEBD
07 20 65 00 04 28 8B 00 00 check FEBC
07 20 65 00 04 28 8B 00 00 check FEBC
09 20 64 00 06 28 8A 00 00 10 09 check FEA1
08 21 64 00 00 4C 00 00 00 00 check FF26
07 20 65 00 04 28 8C 00 00 check FEBB
07 20 65 00 04 28 8D 00 00 check FEBA
07 20 65 00 04 28 8E 00 00 check FEB9
07 20 65 00 04 28 8E 00 00 check FEB9
09 20 64 00 06 28 8F 00 00 10 09 check FE9C
08 21 64 00 00 4C 00 00 00 00 check FF26
07 20 65 00 04 28 8F 00 00 check FEB8
07 20 65 00 04 28 8F 00 00 check FEB8
07 20 65 00 04 28 8F 00 00 check FEB8
