------GASLOS-------

09 20 64 00 06 28 2D 00 00 10 09 check FEFE
08 21 64 00 00 4B 00 00 00 00 check FF27
07 20 65 00 04 28 2D 00 00 check FF1A
07 20 65 00 04 28 2D 00 00 check FF1A
07 20 65 00 04 28 2D 00 00 check FF1A
07 20 65 00 04 28 2D 00 00 check FF1A
09 20 64 00 06 28 2D 00 00 10 09 check FEFE
08 21 64 00 00 4B 00 00 00 00 check FF27
07 20 65 00 04 28 2D 00 00 check FF1A
07 20 65 00 04 28 2D 00 00 check FF1A
07 20 65 00 04 28 2D 00 00 check FF1A
07 20 65 00 04 28 2D 00 00 check FF1A
09 20 64 00 06 28 2D 00 00 10 09 check FEFE
08 21 64 00 00 4B 00 00 00 00 check FF27
07 20 65 00 04 28 2D 00 00 check FF1A
07 20 65 00 04 28 2D 00 00 check FF1A
07 20 65 00 04 28 2D 00 00 check FF1A
07 20 65 00 04 28 2D 00 00 check FF1A
09 20 64 00 06 28 2D 00 00 10 09 check FEFE
08 21 64 00 00 4B 00 00 00 00 check FF27
07 20 65 00 04 28 2D 00 00 check FF1A
07 20 65 00 04 28 2D 00 00 check FF1A
07 20 65 00 04 28 2D 00 00 check FF1A
07 20 65 00 04 28 2D 00 00 check FF1A
09 20 64 00 06 28 2D 00 00 10 09 check FEFE
08 21 64 00 00 4B 00 00 00 00 check FF27
07 20 65 00 04 28 2D 00 00 check FF1A
07 20 65 00 04 28 2D 00 00 check FF1A
07 20 65 00 04 28 2D 00 00 check FF1A
07 20 65 00 04 28 2D 00 00 check FF1A
09 20 64 00 06 28 2D 00 00 10 09 check FEFE
08 21 64 00 00 4B 00 00 00 00 check FF27
07 20 65 00 04 28 2D 00 00 check FF1A
07 20 65 00 04 28 2D 00 00 check FF1A
07 20 65 00 04 28 2D 00 00 check FF1A
07 20 65 00 04 28 2D 00 00 check FF1A
09 20 64 00 06 28 2D 00 00 10 09 check FEFE
08 21 64 00 00 4B 00 00 00 00 check FF27
07 20 65 00 04 28 2D 00 00 check FF1A
07 20 65 00 04 28 2D 00 00 check FF1A
07 20 65 00 04 28 2D 00 00 check FF1A
07 20 65 00 04 28 2D 00 00 check FF1A
09 20 64 00 06 28 2D 00 00 10 09 check FEFE
08 21 64 00 00 4B 00 00 00 00 check FF27
07 20 65 00 04 28 2D 00 00 check FF1A
07 20 65 00 04 28 2D 00 00 check FF1A
07 20 65 00 04 28 2D 00 00 check FF1A
07 20 65 00 04 28 2D 00 00 check FF1A
09 20 64 00 06 28 2D 00 00 10 09 check FEFE
08 21 64 00 00 4B 00 00 00 00 check FF27
07 20 65 00 04 28 2D 00 00 check FF1A
07 20 65 00 04 28 2D 00 00 check FF1A
07 20 65 00 04 28 2D 00 00 check FF1A


------ ROLLEN MET DE HAND -------

09 20 64 00 06 28 2D 00 00 10 09 check FEFE
08 21 64 00 01 4B 00 00 04 00 check FF22
07 20 65 00 04 28 2D 00 00 check FF1A
07 20 65 00 04 28 2D 00 00 check FF1A
07 20 65 00 04 28 2D 00 00 check FF1A
07 20 65 00 04 28 2D 00 00 check FF1A
09 20 64 00 06 28 2D 00 00 10 09 check FEFE
08 21 64 00 01 4B 00 00 07 00 check FF1F
07 20 65 00 04 28 2D 00 00 check FF1A
07 20 65 00 04 28 2D 00 00 check FF1A
07 20 65 00 04 28 2D 00 00 check FF1A
07 20 65 00 04 28 2D 00 00 check FF1A
09 20 64 00 06 28 2D 00 00 10 09 check FEFE
08 21 64 00 01 4B 00 00 06 00 check FF20
07 20 65 00 04 28 2D 00 00 check FF1A
07 20 65 00 04 28 2D 00 00 check FF1A
07 20 65 00 04 28 2D 00 00 check FF1A
07 20 65 00 04 28 2D 00 00 check FF1A
09 20 64 00 06 28 2D 00 00 10 09 check FEFE
08 21 64 00 01 4B 00 00 05 00 check FF21
07 20 65 00 04 28 2D 00 00 check FF1A
07 20 65 00 04 28 2D 00 00 check FF1A
07 20 65 00 04 28 2D 00 00 check FF1A
07 20 65 00 04 28 2D 00 00 check FF1A
09 20 64 00 06 28 2D 00 00 10 09 check FEFE
08 21 64 00 01 4B 00 00 05 00 check FF21
07 20 65 00 04 28 2D 00 00 check FF1A
07 20 65 00 04 28 2D 00 00 check FF1A
07 20 65 00 04 28 2D 00 00 check FF1A
07 20 65 00 04 28 2D 00 00 check FF1A
09 20 64 00 06 28 2D 00 00 10 09 check FEFE
08 21 64 00 01 4B 00 00 08 00 check FF1E
07 20 65 00 04 28 2D 00 00 check FF1A
07 20 65 00 04 28 2D 00 00 check FF1A
07 20 65 00 04 28 2D 00 00 check FF1A
07 20 65 00 04 28 2D 00 00 check FF1A
09 20 64 00 06 28 2D 00 00 10 09 check FEFE
08 21 64 00 01 4B 00 00 07 00 check FF1F
07 20 65 00 04 28 2D 00 00 check FF1A
07 20 65 00 04 28 2D 00 00 check FF1A
07 20 65 00 04 28 2D 00 00 check FF1A
07 20 65 00 04 28 2D 00 00 check FF1A
09 20 64 00 06 28 2D 00 00 10 09 check FEFE
08 21 64 00 01 4B 00 00 06 00 check FF20
07 20 65 00 04 28 2D 00 00 check FF1A
07 20 65 00 04 28 2D 00 00 check FF1A
07 20 65 00 04 28 2D 00 00 check FF1A
07 20 65 00 04 28 2D 00 00 check FF1A
09 20 64 00 06 28 2D 00 00 10 09 check FEFE
08 21 64 00 01 4B 00 00 08 00 check FF1E
07 20 65 00 04 28 2D 00 00 check FF1A


------ GAS GEVEN ------

09 20 64 00 06 28 2D 00 00 10 09 check FEFE
08 21 64 00 05 4B 00 00 0A 00 check FF18
07 20 65 00 04 28 2D 00 00 check FF1A
07 20 65 00 04 28 2D 00 00 check FF1A
07 20 65 00 04 28 2D 00 00 check FF1A
07 20 65 00 04 28 2D 00 00 check FF1A
09 20 64 00 06 28 2D 00 00 10 09 check FEFE
08 21 64 00 05 4B 00 00 09 00 check FF19
07 20 65 00 04 28 2D 00 00 check FF1A
07 20 65 00 04 28 2D 00 00 check FF1A
07 20 65 00 04 28 2D 00 00 check FF1A
07 20 65 00 04 28 2D 00 00 check FF1A
09 20 64 00 06 28 2D 00 00 10 09 check FEFE
08 21 64 00 05 4B 00 00 08 00 check FF1A
07 20 65 00 04 28 2D 00 00 check FF1A
07 20 65 00 04 28 2D 00 00 check FF1A
07 20 65 00 04 28 2D 00 00 check FF1A
07 20 65 00 04 28 2D 00 00 check FF1A
09 20 64 00 06 28 2D 00 00 10 09 check FEFE
08 21 64 00 05 4B 00 00 07 00 check FF1B
07 20 65 00 04 28 2D 00 00 check FF1A
07 20 65 00 04 28 2D 00 00 check FF1A
07 20 65 00 04 28 2D 00 00 check FF1A
07 20 65 00 04 28 2D 00 00 check FF1A
09 20 64 00 06 28 2D 00 00 10 09 check FEFE
08 21 64 00 05 4B 00 00 07 00 check FF1B
07 20 65 00 04 28 2D 00 00 check FF1A
07 20 65 00 04 28 2D 00 00 check FF1A
07 20 65 00 04 28 2D 00 00 check FF1A
07 20 65 00 04 28 2D 00 00 check FF1A
09 20 64 00 06 28 2D 00 00 10 09 check FEFE
08 21 64 00 05 4B 00 00 06 00 check FF1C
07 20 65 00 04 28 2D 00 00 check FF1A
07 20 65 00 04 28 2D 00 00 check FF1A
07 20 65 00 04 28 2D 00 00 check FF1A
07 20 65 00 04 47 2D 00 00 check FEFB
09 20 64 00 06 71 2D 00 00 10 09 check FEB5
08 21 64 00 05 4B 00 00 05 00 check FF1D
07 20 65 00 04 8A 2F 00 00 check FEB6
07 20 65 00 04 A7 2F 00 00 check FE99
07 20 65 00 04 BA 2D 00 00 check FE88
07 20 65 00 04 C1 2D 00 00 check FE81
09 20 64 00 06 C2 2D 00 00 10 09 check FE64
08 21 64 00 05 4B 00 00 03 00 check FF1F
07 20 65 00 04 C2 2D 00 00 check FE80
07 20 65 00 04 C2 2D 00 00 check FE80
07 20 65 00 04 C2 2D 00 00 check FE80
07 20 65 00 04 BF 2D 00 00 check FE83
09 20 64 00 06 BF 2D 00 00 10 09 check FE67
08 21 64 00 05 4B 00 00 0C 00 check FF16
07 20 65 00 04 C1 2D 00 00 check FE81
07 20 65 00 04 C1 2D 00 00 check FE81
07 20 65 00 04 C2 2D 00 00 check FE80
07 20 65 00 04 C2 2D 00 00 check FE80
09 20 64 00 06 C2 2D 00 00 10 09 check FE64
08 21 64 00 05 4B 00 00 1A 00 check FF08
07 20 65 00 04 C2 2D 00 00 check FE80
07 20 65 00 04 C2 2D 00 00 check FE80
07 20 65 00 04 C2 2D 00 00 check FE80
07 20 65 00 04 BF 2D 00 00 check FE83
09 20 64 00 06 BE 2D 00 00 10 09 check FE68
08 21 64 00 05 4B 00 00 1E 00 check FF04
07 20 65 00 04 C0 2D 00 00 check FE82
07 20 65 00 04 BF 2D 00 00 check FE83
07 20 65 00 04 C2 2D 00 00 check FE80
07 20 65 00 04 C2 2D 00 00 check FE80
09 20 64 00 06 C2 2D 00 00 10 09 check FE64
08 21 64 00 05 4B 00 00 1C 00 check FF06
07 20 65 00 04 C2 2D 00 00 check FE80
07 20 65 00 04 BF 2D 00 00 check FE83
07 20 65 00 04 C1 2D 00 00 check FE81
07 20 65 00 04 BE 2D 00 00 check FE84
09 20 64 00 06 C0 2D 00 00 10 09 check FE66
08 21 64 00 05 4B 00 00 19 00 check FF09
07 20 65 00 04 C2 2D 00 00 check FE80
07 20 65 00 04 C2 2D 00 00 check FE80
07 20 65 00 04 C2 2D 00 00 check FE80
07 20 65 00 04 C2 2D 00 00 check FE80
09 20 64 00 06 C1 2D 00 00 10 09 check FE65
08 21 64 00 05 4B 00 00 16 00 check FF0C
07 20 65 00 04 C0 2D 00 00 check FE82
07 20 65 00 04 C1 2D 00 00 check FE81
07 20 65 00 04 BF 2D 00 00 check FE83
07 20 65 00 04 C1 2D 00 00 check FE81
09 20 64 00 06 C1 2D 00 00 10 09 check FE65
08 21 64 00 05 4B 00 00 15 00 check FF0D
